2 124.17 0000000
3 161.68 0000001
4 137.27 0000002
1 181.62 0000003
1 189.14 0000004
3 101.53 0000005
2 188.25 0000006
1 171.96 0000007
5 163.11 0000008
2 118.04 0000009
3 109.13 0000010
5 145.53 0000011
2 147.85 0000012
4 168.19 0000013
4 161.77 0000014
5 112.45 0000015
4 117.03 0000016
4 135.62 0000017
1 167.87 0000018
1 181.28 0000019
2 100.06 0000020
0 100.04 0000021
1 126.43 0000022
1 148.89 0000023
4 134.55 0000024
1 132.95 0000025
0 173.48 0000026
0 174.45 0000027
1 146.00 0000028
3 165.34 0000029
5 189.04 0000030
4 187.51 0000031
2 121.04 0000032
2 156.98 0000033
1 177.77 0000034
0 147.36 0000035
3 119.69 0000036
4 140.54 0000037
0 160.69 0000038
4 148.08 0000039
2 173.01 0000040
0 126.61 0000041
3 157.04 0000042
5 121.19 0000043
2 139.51 0000044
0 183.10 0000045
1 147.26 0000046
5 185.36 0000047
0 185.95 0000048
2 188.01 0000049
4 181.49 0000050
1 106.88 0000051
2 165.16 0000052
2 111.51 0000053
5 186.01 0000054
5 150.47 0000055
5 186.69 0000056
1 148.82 0000057
3 174.04 0000058
0 170.93 0000059
3 161.86 0000060
1 126.72 0000061
4 119.61 0000062
2 109.96 0000063
0 174.28 0000064
0 142.86 0000065
0 165.85 0000066
1 157.46 0000067
3 179.38 0000068
5 181.28 0000069
2 109.94 0000070
2 150.42 0000071
2 104.51 0000072
2 177.95 0000073
5 186.47 0000074
0 127.51 0000075
0 176.57 0000076
1 162.20 0000077
4 159.97 0000078
0 107.64 0000079
0 109.34 0000080
2 113.00 0000081
1 145.22 0000082
2 116.12 0000083
3 117.13 0000084
1 114.36 0000085
1 123.87 0000086
2 156.51 0000087
5 169.68 0000088
5 154.26 0000089
4 155.50 0000090
1 119.70 0000091
3 153.75 0000092
0 171.16 0000093
1 129.61 0000094
0 157.97 0000095
0 102.75 0000096
5 184.38 0000097
3 188.48 0000098
2 164.40 0000099
2 119.28 0000100
5 145.01 0000101
0 102.43 0000102
2 142.79 0000103
4 186.37 0000104
0 109.39 0000105
3 163.92 0000106
5 165.79 0000107
1 137.62 0000108
3 169.38 0000109
5 154.67 0000110
3 112.26 0000111
0 153.98 0000112
5 126.49 0000113
5 157.75 0000114
2 158.12 0000115
5 111.62 0000116
5 188.02 0000117
5 141.17 0000118
3 175.67 0000119
2 157.27 0000120
4 113.64 0000121
2 166.57 0000122
1 105.73 0000123
4 132.53 0000124
5 134.35 0000125
2 153.04 0000126
4 148.39 0000127
0 158.75 0000128
3 157.58 0000129
1 150.25 0000130
4 108.01 0000131
3 136.63 0000132
0 109.22 0000133
1 149.02 0000134
1 172.46 0000135
5 115.37 0000136
0 165.54 0000137
2 123.17 0000138
0 167.56 0000139
0 124.16 0000140
4 173.26 0000141
1 137.83 0000142
3 145.51 0000143
5 110.00 0000144
2 180.15 0000145
2 171.28 0000146
3 160.86 0000147
4 142.03 0000148
2 164.60 0000149
2 149.13 0000150
0 144.02 0000151
2 158.39 0000152
1 114.16 0000153
3 171.54 0000154
0 109.44 0000155
5 170.14 0000156
2 129.40 0000157
0 100.64 0000158
3 166.32 0000159
3 184.17 0000160
1 131.29 0000161
3 150.48 0000162
4 136.42 0000163
0 165.10 0000164
2 100.06 0000165
2 167.50 0000166
0 147.79 0000167
4 116.03 0000168
5 158.34 0000169
1 171.59 0000170
3 125.96 0000171
3 170.39 0000172
4 157.32 0000173
2 109.63 0000174
3 131.14 0000175
5 119.51 0000176
3 182.67 0000177
2 159.29 0000178
2 181.83 0000179
0 101.70 0000180
3 114.36 0000181
1 159.99 0000182
1 121.12 0000183
1 140.84 0000184
1 132.65 0000185
2 109.16 0000186
2 187.05 0000187
3 160.25 0000188
4 101.42 0000189
0 167.20 0000190
2 137.63 0000191
2 185.98 0000192
0 144.14 0000193
5 177.57 0000194
4 117.40 0000195
3 147.16 0000196
4 186.07 0000197
5 135.40 0000198
0 101.93 0000199
0 117.94 0000200
4 111.34 0000201
0 132.85 0000202
5 169.52 0000203
2 158.51 0000204
1 116.29 0000205
2 106.89 0000206
1 178.94 0000207
2 188.37 0000208
5 139.89 0000209
4 149.58 0000210
5 170.67 0000211
1 184.25 0000212
4 174.64 0000213
2 126.16 0000214
5 109.98 0000215
0 117.70 0000216
5 161.11 0000217
5 164.66 0000218
5 187.46 0000219
4 129.02 0000220
0 161.57 0000221
4 153.55 0000222
5 182.58 0000223
3 175.09 0000224
2 171.99 0000225
3 183.16 0000226
0 183.92 0000227
1 133.86 0000228
1 108.09 0000229
2 178.17 0000230
1 112.20 0000231
0 187.56 0000232
5 105.37 0000233
1 182.66 0000234
1 181.84 0000235
0 102.20 0000236
4 118.81 0000237
1 150.92 0000238
5 111.29 0000239
5 149.25 0000240
1 125.49 0000241
0 100.16 0000242
1 116.93 0000243
1 107.19 0000244
4 141.26 0000245
3 129.46 0000246
4 174.33 0000247
1 169.77 0000248
2 143.77 0000249
2 108.79 0000250
2 122.00 0000251
0 117.94 0000252
2 154.31 0000253
5 151.05 0000254
0 118.36 0000255
0 166.35 0000256
1 189.39 0000257
3 100.27 0000258
3 182.45 0000259
3 157.39 0000260
5 110.81 0000261
4 153.87 0000262
4 146.10 0000263
3 108.62 0000264
1 111.06 0000265
3 178.90 0000266
1 180.36 0000267
0 165.26 0000268
3 138.86 0000269
5 160.65 0000270
3 108.59 0000271
3 155.54 0000272
3 150.28 0000273
5 101.94 0000274
2 175.08 0000275
5 124.87 0000276
2 185.73 0000277
5 147.00 0000278
0 102.43 0000279
1 134.45 0000280
4 156.23 0000281
2 140.66 0000282
4 172.85 0000283
2 161.70 0000284
2 150.83 0000285
5 178.61 0000286
0 111.38 0000287
4 188.46 0000288
2 145.27 0000289
2 119.37 0000290
0 142.29 0000291
3 184.63 0000292
4 134.06 0000293
3 151.54 0000294
3 127.77 0000295
5 104.59 0000296
2 117.78 0000297
2 188.60 0000298
2 139.19 0000299
0 147.97 0000300
4 162.09 0000301
2 189.26 0000302
2 164.26 0000303
1 103.55 0000304
5 122.33 0000305
0 110.03 0000306
2 106.69 0000307
3 189.22 0000308
0 135.47 0000309
3 162.97 0000310
1 104.21 0000311
5 162.80 0000312
3 165.90 0000313
2 150.24 0000314
3 117.22 0000315
0 116.82 0000316
5 174.09 0000317
0 154.61 0000318
0 132.95 0000319
2 133.47 0000320
4 176.38 0000321
1 143.76 0000322
5 101.18 0000323
3 167.68 0000324
5 117.35 0000325
3 175.76 0000326
4 169.99 0000327
1 117.66 0000328
0 180.07 0000329
2 173.45 0000330
0 174.41 0000331
5 135.67 0000332
0 131.91 0000333
5 130.45 0000334
3 118.97 0000335
5 163.58 0000336
5 145.54 0000337
5 100.96 0000338
1 130.03 0000339
1 120.62 0000340
4 102.61 0000341
3 140.05 0000342
1 147.58 0000343
3 178.35 0000344
2 156.01 0000345
0 116.48 0000346
3 121.60 0000347
5 104.09 0000348
0 116.38 0000349
1 127.34 0000350
0 121.29 0000351
4 105.38 0000352
5 129.55 0000353
0 110.10 0000354
0 182.29 0000355
2 170.18 0000356
1 104.70 0000357
4 105.87 0000358
4 189.47 0000359
5 144.98 0000360
4 149.31 0000361
1 141.14 0000362
3 187.06 0000363
3 172.06 0000364
0 122.50 0000365
1 103.69 0000366
2 143.20 0000367
1 168.55 0000368
0 162.19 0000369
0 131.48 0000370
3 107.52 0000371
4 151.20 0000372
0 161.36 0000373
5 182.28 0000374
2 105.12 0000375
5 177.05 0000376
5 188.90 0000377
4 177.33 0000378
3 118.16 0000379
0 115.65 0000380
1 152.74 0000381
1 101.67 0000382
4 141.04 0000383
2 183.74 0000384
5 118.01 0000385
0 121.16 0000386
0 106.96 0000387
5 113.68 0000388
3 100.35 0000389
0 149.21 0000390
4 102.44 0000391
1 172.27 0000392
3 156.20 0000393
5 167.88 0000394
2 173.75 0000395
0 168.80 0000396
2 149.26 0000397
2 101.59 0000398
4 119.73 0000399
3 138.46 0000400
1 120.64 0000401
2 125.50 0000402
2 175.00 0000403
3 117.92 0000404
1 179.25 0000405
0 143.91 0000406
3 115.30 0000407
1 129.80 0000408
1 173.54 0000409
3 148.41 0000410
5 165.05 0000411
3 113.32 0000412
4 122.53 0000413
0 157.34 0000414
3 117.57 0000415
1 166.37 0000416
1 157.46 0000417
3 126.62 0000418
2 112.20 0000419
4 178.78 0000420
0 104.26 0000421
1 129.39 0000422
4 100.02 0000423
4 125.91 0000424
2 134.87 0000425
4 159.49 0000426
4 136.03 0000427
3 159.59 0000428
3 176.36 0000429
0 145.91 0000430
2 108.33 0000431
2 158.35 0000432
4 149.83 0000433
0 151.31 0000434
3 162.26 0000435
0 177.19 0000436
2 125.59 0000437
3 134.48 0000438
2 173.18 0000439
2 150.88 0000440
1 172.24 0000441
2 107.33 0000442
4 181.78 0000443
4 172.23 0000444
0 187.66 0000445
2 180.56 0000446
2 186.49 0000447
3 182.58 0000448
4 143.72 0000449
1 181.74 0000450
0 116.76 0000451
3 138.08 0000452
3 143.44 0000453
4 150.39 0000454
0 180.95 0000455
5 144.45 0000456
2 161.50 0000457
1 180.85 0000458
4 182.85 0000459
3 145.84 0000460
3 175.83 0000461
2 158.99 0000462
0 101.72 0000463
3 125.33 0000464
0 113.58 0000465
4 130.78 0000466
2 123.31 0000467
0 156.62 0000468
2 150.63 0000469
4 161.88 0000470
4 178.46 0000471
3 146.27 0000472
1 159.39 0000473
3 182.45 0000474
1 116.08 0000475
0 122.50 0000476
0 151.75 0000477
1 166.60 0000478
1 171.75 0000479
4 124.83 0000480
0 122.49 0000481
2 136.17 0000482
4 166.25 0000483
1 183.27 0000484
3 140.78 0000485
5 176.13 0000486
3 145.38 0000487
4 158.40 0000488
2 123.54 0000489
0 128.55 0000490
0 112.08 0000491
0 176.06 0000492
2 171.31 0000493
4 104.86 0000494
0 155.56 0000495
4 167.71 0000496
4 185.56 0000497
2 150.64 0000498
4 100.78 0000499
0 122.86 0000500
1 153.29 0000501
3 126.56 0000502
2 134.78 0000503
2 135.72 0000504
3 148.03 0000505
3 122.55 0000506
4 141.75 0000507
3 125.14 0000508
2 177.55 0000509
5 138.70 0000510
0 134.40 0000511
2 116.78 0000512
3 137.94 0000513
4 174.43 0000514
3 111.45 0000515
1 176.99 0000516
0 169.45 0000517
3 142.86 0000518
4 170.10 0000519
3 103.95 0000520
5 117.24 0000521
0 135.44 0000522
0 161.50 0000523
2 109.89 0000524
4 175.44 0000525
3 188.51 0000526
0 131.89 0000527
4 108.89 0000528
0 187.23 0000529
5 134.74 0000530
2 165.40 0000531
2 127.74 0000532
1 163.00 0000533
3 152.50 0000534
2 166.64 0000535
2 128.88 0000536
0 151.45 0000537
2 104.91 0000538
3 146.78 0000539
3 108.84 0000540
0 131.87 0000541
4 124.41 0000542
0 149.73 0000543
3 105.34 0000544
2 145.44 0000545
5 172.56 0000546
4 136.88 0000547
3 139.59 0000548
3 113.97 0000549
0 110.05 0000550
1 150.19 0000551
3 181.76 0000552
1 144.70 0000553
0 140.28 0000554
0 142.73 0000555
3 134.38 0000556
5 148.32 0000557
2 124.54 0000558
5 111.13 0000559
3 182.65 0000560
4 125.27 0000561
0 172.89 0000562
4 118.02 0000563
2 168.79 0000564
1 176.35 0000565
1 123.94 0000566
2 145.83 0000567
4 183.93 0000568
4 188.88 0000569
4 110.49 0000570
1 122.32 0000571
2 139.69 0000572
1 183.56 0000573
5 179.81 0000574
4 110.50 0000575
5 120.39 0000576
0 177.10 0000577
0 143.62 0000578
3 162.46 0000579
3 147.66 0000580
0 168.51 0000581
0 150.24 0000582
5 165.22 0000583
1 120.65 0000584
1 155.37 0000585
2 162.39 0000586
3 176.48 0000587
5 157.23 0000588
1 107.38 0000589
1 181.40 0000590
2 106.16 0000591
1 171.16 0000592
2 129.13 0000593
5 130.03 0000594
0 165.06 0000595
0 106.51 0000596
3 160.93 0000597
3 183.38 0000598
3 187.75 0000599
4 179.86 0000600
4 171.50 0000601
4 129.55 0000602
5 163.25 0000603
2 178.89 0000604
2 168.09 0000605
2 133.86 0000606
0 177.95 0000607
5 107.97 0000608
5 116.62 0000609
1 132.39 0000610
0 135.36 0000611
4 144.25 0000612
5 189.80 0000613
1 180.18 0000614
2 172.84 0000615
3 174.03 0000616
3 100.68 0000617
2 144.32 0000618
4 124.37 0000619
4 120.85 0000620
1 160.05 0000621
0 177.87 0000622
5 137.34 0000623
5 121.35 0000624
1 106.97 0000625
4 112.52 0000626
2 148.36 0000627
1 129.27 0000628
2 112.07 0000629
5 180.35 0000630
0 119.60 0000631
4 106.81 0000632
3 187.41 0000633
3 137.50 0000634
5 169.89 0000635
3 140.74 0000636
5 174.92 0000637
1 157.23 0000638
0 144.20 0000639
0 102.74 0000640
1 126.60 0000641
4 138.73 0000642
0 185.21 0000643
1 109.71 0000644
1 166.77 0000645
3 135.71 0000646
2 116.49 0000647
1 135.08 0000648
3 161.84 0000649
2 157.35 0000650
3 111.19 0000651
1 109.41 0000652
5 105.50 0000653
4 128.97 0000654
5 118.20 0000655
0 123.34 0000656
4 148.27 0000657
2 140.84 0000658
3 104.31 0000659
4 104.57 0000660
0 154.42 0000661
0 111.79 0000662
1 187.55 0000663
5 157.41 0000664
0 120.83 0000665
1 162.19 0000666
3 177.55 0000667
4 142.88 0000668
2 118.79 0000669
1 105.23 0000670
5 183.64 0000671
4 123.47 0000672
1 148.71 0000673
0 116.26 0000674
4 150.42 0000675
2 116.93 0000676
3 161.70 0000677
4 184.82 0000678
4 118.70 0000679
4 177.09 0000680
2 134.72 0000681
3 110.62 0000682
3 104.02 0000683
4 165.17 0000684
0 134.11 0000685
5 157.99 0000686
0 159.73 0000687
1 153.17 0000688
3 179.70 0000689
2 113.23 0000690
4 102.49 0000691
5 151.90 0000692
1 123.45 0000693
5 153.18 0000694
0 136.07 0000695
1 101.48 0000696
4 160.90 0000697
4 133.83 0000698
4 111.57 0000699
3 131.65 0000700
0 163.15 0000701
1 182.50 0000702
2 117.46 0000703
3 156.71 0000704
0 172.01 0000705
0 155.14 0000706
2 132.78 0000707
3 186.19 0000708
1 123.96 0000709
1 100.86 0000710
1 175.23 0000711
1 161.64 0000712
3 131.14 0000713
2 136.86 0000714
2 185.03 0000715
3 110.18 0000716
0 144.56 0000717
2 184.63 0000718
0 108.73 0000719
2 183.48 0000720
3 131.79 0000721
4 133.29 0000722
1 167.02 0000723
1 111.67 0000724
3 110.30 0000725
0 125.13 0000726
5 100.51 0000727
0 154.56 0000728
2 110.15 0000729
3 125.24 0000730
2 122.39 0000731
1 111.30 0000732
3 136.95 0000733
3 131.22 0000734
3 176.47 0000735
4 102.06 0000736
4 162.64 0000737
0 176.70 0000738
0 133.12 0000739
5 156.46 0000740
5 185.32 0000741
2 185.09 0000742
2 136.67 0000743
0 180.25 0000744
0 154.05 0000745
2 181.89 0000746
4 121.15 0000747
1 161.28 0000748
5 163.48 0000749
2 128.34 0000750
3 143.44 0000751
5 146.58 0000752
1 179.53 0000753
4 136.17 0000754
3 128.91 0000755
5 103.08 0000756
4 155.44 0000757
3 142.85 0000758
5 118.30 0000759
2 137.59 0000760
5 104.69 0000761
5 161.32 0000762
2 105.87 0000763
3 161.41 0000764
2 143.02 0000765
2 141.04 0000766
2 189.15 0000767
5 154.86 0000768
5 158.31 0000769
5 188.80 0000770
1 145.38 0000771
3 165.16 0000772
0 187.43 0000773
2 181.78 0000774
4 167.91 0000775
5 157.20 0000776
4 145.01 0000777
5 163.27 0000778
2 152.28 0000779
3 113.66 0000780
2 124.76 0000781
2 124.81 0000782
1 125.10 0000783
2 120.07 0000784
3 122.77 0000785
3 106.36 0000786
3 184.84 0000787
1 131.64 0000788
0 118.93 0000789
1 106.76 0000790
1 115.83 0000791
1 166.27 0000792
5 164.10 0000793
5 172.33 0000794
1 107.00 0000795
3 180.71 0000796
4 140.03 0000797
2 139.32 0000798
4 168.99 0000799
3 115.21 0000800
2 186.12 0000801
4 154.70 0000802
4 161.79 0000803
3 136.50 0000804
3 114.63 0000805
5 172.54 0000806
2 160.60 0000807
5 142.68 0000808
1 165.40 0000809
1 179.33 0000810
3 102.39 0000811
1 121.13 0000812
0 176.72 0000813
3 180.03 0000814
0 164.57 0000815
4 131.75 0000816
5 162.15 0000817
4 101.39 0000818
1 161.21 0000819
3 157.81 0000820
0 105.62 0000821
5 112.19 0000822
0 116.85 0000823
1 141.52 0000824
2 101.40 0000825
2 167.14 0000826
0 113.06 0000827
3 188.13 0000828
0 117.59 0000829
5 101.76 0000830
2 124.95 0000831
5 128.27 0000832
0 153.17 0000833
3 101.13 0000834
1 165.53 0000835
1 141.38 0000836
0 119.03 0000837
5 117.31 0000838
1 101.59 0000839
3 119.50 0000840
1 148.49 0000841
3 160.28 0000842
0 152.72 0000843
5 127.41 0000844
4 146.12 0000845
2 104.27 0000846
5 164.33 0000847
0 140.66 0000848
5 102.36 0000849
3 116.62 0000850
3 189.21 0000851
3 173.26 0000852
4 168.05 0000853
1 162.12 0000854
4 187.78 0000855
1 166.09 0000856
3 177.39 0000857
1 186.95 0000858
2 137.04 0000859
4 139.30 0000860
1 143.73 0000861
0 132.06 0000862
4 160.07 0000863
5 109.75 0000864
5 138.22 0000865
4 102.29 0000866
0 154.32 0000867
2 111.61 0000868
3 188.20 0000869
4 115.46 0000870
3 176.12 0000871
3 111.20 0000872
3 172.59 0000873
3 116.84 0000874
5 166.26 0000875
0 108.91 0000876
2 139.29 0000877
0 122.70 0000878
2 181.50 0000879
2 168.41 0000880
4 183.84 0000881
0 142.80 0000882
2 151.57 0000883
4 162.22 0000884
3 171.98 0000885
1 174.24 0000886
1 112.29 0000887
3 128.37 0000888
0 138.83 0000889
3 171.25 0000890
0 178.68 0000891
1 132.82 0000892
0 160.58 0000893
4 173.82 0000894
0 174.56 0000895
1 165.85 0000896
3 166.19 0000897
1 146.57 0000898
0 171.49 0000899
3 111.16 0000900
3 141.26 0000901
0 121.33 0000902
3 100.20 0000903
3 120.02 0000904
0 182.99 0000905
4 150.78 0000906
0 179.66 0000907
3 107.46 0000908
4 124.67 0000909
5 125.27 0000910
0 109.88 0000911
3 185.19 0000912
1 132.30 0000913
2 146.56 0000914
2 174.26 0000915
5 113.84 0000916
0 150.08 0000917
4 107.45 0000918
0 150.66 0000919
0 165.75 0000920
2 132.28 0000921
2 126.56 0000922
3 143.15 0000923
4 147.61 0000924
2 125.47 0000925
0 131.58 0000926
1 148.72 0000927
4 185.74 0000928
3 116.35 0000929
5 180.89 0000930
4 170.17 0000931
0 149.02 0000932
1 123.60 0000933
3 161.84 0000934
3 115.73 0000935
4 187.48 0000936
5 168.41 0000937
5 150.07 0000938
3 163.57 0000939
2 188.10 0000940
2 135.53 0000941
5 187.68 0000942
1 140.73 0000943
1 116.24 0000944
0 187.32 0000945
5 159.23 0000946
5 167.33 0000947
2 158.18 0000948
3 114.13 0000949
5 106.07 0000950
3 188.61 0000951
3 117.96 0000952
4 107.85 0000953
1 142.71 0000954
3 118.25 0000955
3 158.76 0000956
1 121.03 0000957
4 124.13 0000958
4 127.64 0000959
3 153.45 0000960
2 102.98 0000961
5 167.96 0000962
4 138.72 0000963
1 187.12 0000964
3 145.51 0000965
4 185.91 0000966
3 111.28 0000967
3 118.97 0000968
3 136.88 0000969
0 168.07 0000970
1 171.23 0000971
0 155.77 0000972
1 140.46 0000973
5 188.29 0000974
3 106.04 0000975
0 121.10 0000976
0 168.37 0000977
0 120.87 0000978
1 152.11 0000979
2 128.83 0000980
2 169.52 0000981
2 140.21 0000982
5 188.63 0000983
2 154.19 0000984
2 180.77 0000985
0 171.47 0000986
4 120.50 0000987
2 167.08 0000988
5 128.35 0000989
0 141.47 0000990
1 151.98 0000991
4 146.36 0000992
0 141.35 0000993
5 180.08 0000994
5 161.20 0000995
1 182.60 0000996
0 151.34 0000997
3 146.94 0000998
0 150.44 0000999
2 171.88 0001000
5 151.69 0001001
5 178.72 0001002
5 140.88 0001003
3 184.88 0001004
0 131.66 0001005
5 111.14 0001006
2 182.55 0001007
3 117.15 0001008
0 176.70 0001009
2 107.89 0001010
2 120.83 0001011
0 129.28 0001012
0 164.14 0001013
5 188.23 0001014
5 137.19 0001015
1 136.19 0001016
2 129.79 0001017
5 189.97 0001018
1 162.14 0001019
0 167.84 0001020
1 112.12 0001021
4 137.95 0001022
0 124.97 0001023
5 153.27 0001024
5 134.93 0001025
4 128.61 0001026
1 133.54 0001027
1 102.31 0001028
4 158.49 0001029
5 133.75 0001030
5 157.30 0001031
2 127.92 0001032
0 120.68 0001033
2 164.32 0001034
3 123.70 0001035
3 149.12 0001036
1 147.03 0001037
4 115.98 0001038
4 124.44 0001039
1 128.37 0001040
0 132.14 0001041
5 120.51 0001042
0 179.57 0001043
0 137.91 0001044
1 143.80 0001045
5 154.16 0001046
5 173.59 0001047
2 174.29 0001048
3 147.77 0001049
5 167.50 0001050
1 102.87 0001051
0 140.51 0001052
0 126.61 0001053
3 134.08 0001054
0 164.17 0001055
1 187.61 0001056
2 173.01 0001057
4 102.69 0001058
2 145.84 0001059
1 131.41 0001060
3 115.55 0001061
4 175.61 0001062
0 126.39 0001063
3 150.75 0001064
0 106.25 0001065
0 136.49 0001066
4 157.98 0001067
5 110.13 0001068
3 107.88 0001069
1 153.00 0001070
1 119.25 0001071
1 185.61 0001072
4 146.42 0001073
5 184.71 0001074
0 160.05 0001075
4 168.08 0001076
1 120.21 0001077
5 145.48 0001078
3 179.06 0001079
2 124.24 0001080
5 174.87 0001081
5 125.12 0001082
4 157.16 0001083
1 162.76 0001084
0 142.54 0001085
4 188.03 0001086
3 147.78 0001087
1 165.06 0001088
2 140.51 0001089
5 179.27 0001090
1 104.04 0001091
5 171.08 0001092
2 180.20 0001093
3 170.69 0001094
1 174.88 0001095
5 155.71 0001096
0 166.44 0001097
4 133.13 0001098
0 121.73 0001099
0 118.93 0001100
4 183.85 0001101
4 137.31 0001102
2 156.86 0001103
5 109.91 0001104
4 115.90 0001105
4 162.76 0001106
0 131.17 0001107
0 104.36 0001108
4 134.63 0001109
3 128.59 0001110
5 146.89 0001111
2 100.71 0001112
1 120.30 0001113
1 115.05 0001114
2 171.46 0001115
5 153.09 0001116
1 181.94 0001117
3 166.95 0001118
0 106.82 0001119
3 136.71 0001120
5 157.87 0001121
1 146.05 0001122
3 176.58 0001123
4 158.17 0001124
2 143.87 0001125
3 149.81 0001126
1 137.13 0001127
1 156.65 0001128
0 111.75 0001129
1 113.04 0001130
3 118.62 0001131
1 101.22 0001132
2 126.50 0001133
5 169.01 0001134
3 157.11 0001135
1 169.81 0001136
3 151.92 0001137
2 100.37 0001138
5 122.34 0001139
1 156.97 0001140
4 178.37 0001141
3 178.20 0001142
4 154.64 0001143
4 134.18 0001144
2 113.83 0001145
1 116.80 0001146
2 117.67 0001147
4 169.99 0001148
2 107.24 0001149
0 136.96 0001150
0 115.32 0001151
3 136.24 0001152
5 110.50 0001153
4 114.80 0001154
2 126.70 0001155
3 174.89 0001156
1 146.71 0001157
3 113.78 0001158
1 110.56 0001159
2 150.53 0001160
0 123.61 0001161
1 163.75 0001162
0 104.17 0001163
4 170.81 0001164
3 183.71 0001165
1 171.81 0001166
2 135.21 0001167
3 136.27 0001168
4 103.25 0001169
3 144.14 0001170
1 180.50 0001171
4 188.76 0001172
1 148.79 0001173
0 176.26 0001174
3 165.18 0001175
5 181.04 0001176
1 100.75 0001177
2 121.97 0001178
4 130.16 0001179
5 135.59 0001180
0 178.52 0001181
2 101.35 0001182
5 180.65 0001183
4 159.09 0001184
1 156.12 0001185
4 187.30 0001186
2 165.28 0001187
2 132.37 0001188
5 113.32 0001189
0 163.98 0001190
1 155.57 0001191
0 160.41 0001192
3 155.43 0001193
2 126.68 0001194
4 155.17 0001195
3 107.64 0001196
3 180.39 0001197
5 101.23 0001198
4 135.85 0001199
0 160.16 0001200
3 123.85 0001201
5 146.11 0001202
4 185.97 0001203
3 168.39 0001204
2 120.24 0001205
3 135.59 0001206
5 152.22 0001207
4 155.00 0001208
3 142.99 0001209
5 144.09 0001210
5 138.20 0001211
0 182.40 0001212
3 149.26 0001213
4 136.12 0001214
3 116.53 0001215
4 179.76 0001216
0 159.19 0001217
2 135.95 0001218
4 146.67 0001219
5 141.66 0001220
5 186.43 0001221
5 173.33 0001222
0 125.20 0001223
3 153.76 0001224
4 122.81 0001225
1 106.05 0001226
2 130.29 0001227
0 174.73 0001228
0 161.92 0001229
3 112.29 0001230
4 122.77 0001231
3 157.10 0001232
3 131.64 0001233
1 138.78 0001234
2 162.34 0001235
5 176.02 0001236
1 119.37 0001237
2 108.67 0001238
4 109.33 0001239
1 101.64 0001240
1 179.59 0001241
0 165.38 0001242
0 158.37 0001243
0 145.09 0001244
5 163.26 0001245
2 140.69 0001246
1 153.85 0001247
2 181.00 0001248
4 145.49 0001249
2 182.52 0001250
1 151.43 0001251
3 188.97 0001252
0 172.14 0001253
0 147.31 0001254
4 100.80 0001255
4 171.47 0001256
1 136.32 0001257
2 172.51 0001258
4 147.76 0001259
4 126.50 0001260
1 113.21 0001261
1 129.01 0001262
2 150.71 0001263
2 160.84 0001264
5 109.92 0001265
4 103.94 0001266
1 163.65 0001267
3 108.28 0001268
1 119.76 0001269
0 103.10 0001270
4 170.88 0001271
4 138.12 0001272
2 125.88 0001273
5 136.48 0001274
1 160.60 0001275
0 158.85 0001276
1 143.36 0001277
5 107.40 0001278
4 108.96 0001279
3 106.55 0001280
3 115.28 0001281
1 105.76 0001282
1 130.19 0001283
2 133.64 0001284
4 133.10 0001285
2 116.38 0001286
3 136.55 0001287
2 125.09 0001288
5 172.50 0001289
4 166.82 0001290
4 174.32 0001291
2 138.54 0001292
0 127.12 0001293
2 167.00 0001294
5 157.81 0001295
0 132.99 0001296
5 140.89 0001297
4 112.22 0001298
5 165.64 0001299
1 154.10 0001300
1 138.82 0001301
1 167.78 0001302
4 114.46 0001303
0 104.88 0001304
0 130.83 0001305
5 126.07 0001306
2 179.08 0001307
2 169.47 0001308
1 181.59 0001309
5 179.54 0001310
4 165.91 0001311
2 131.60 0001312
4 139.39 0001313
5 161.55 0001314
2 159.60 0001315
5 136.88 0001316
5 144.16 0001317
0 110.10 0001318
0 119.72 0001319
1 146.63 0001320
4 114.52 0001321
4 184.03 0001322
0 141.90 0001323
0 105.26 0001324
3 137.67 0001325
2 143.95 0001326
4 186.90 0001327
1 104.84 0001328
3 115.95 0001329
1 103.53 0001330
5 153.47 0001331
5 126.74 0001332
5 122.18 0001333
3 143.48 0001334
0 127.23 0001335
5 153.42 0001336
5 112.94 0001337
3 101.10 0001338
2 131.97 0001339
2 141.64 0001340
0 136.93 0001341
4 178.36 0001342
5 118.45 0001343
4 101.02 0001344
0 163.50 0001345
2 129.58 0001346
5 179.91 0001347
3 186.75 0001348
2 118.98 0001349
4 151.06 0001350
4 159.92 0001351
5 105.68 0001352
4 175.27 0001353
0 180.56 0001354
5 182.90 0001355
0 154.82 0001356
3 136.59 0001357
3 100.24 0001358
5 131.16 0001359
5 134.24 0001360
5 139.17 0001361
2 116.64 0001362
5 174.77 0001363
5 104.39 0001364
1 156.23 0001365
1 160.60 0001366
3 100.57 0001367
3 130.13 0001368
4 121.04 0001369
3 127.10 0001370
2 135.07 0001371
5 109.62 0001372
5 125.29 0001373
0 154.15 0001374
1 136.47 0001375
2 181.75 0001376
3 150.25 0001377
1 189.45 0001378
5 184.01 0001379
0 169.02 0001380
4 169.57 0001381
0 133.02 0001382
1 183.03 0001383
5 125.90 0001384
2 153.32 0001385
0 161.47 0001386
0 108.28 0001387
3 145.40 0001388
5 188.64 0001389
5 101.26 0001390
2 121.49 0001391
0 189.69 0001392
2 150.71 0001393
4 149.32 0001394
2 186.55 0001395
4 131.85 0001396
1 145.26 0001397
4 183.23 0001398
4 181.74 0001399
2 124.34 0001400
1 141.52 0001401
4 102.95 0001402
0 189.67 0001403
5 146.05 0001404
2 175.35 0001405
1 169.97 0001406
2 124.97 0001407
1 183.93 0001408
3 141.18 0001409
5 136.01 0001410
2 186.10 0001411
4 131.77 0001412
2 102.59 0001413
2 102.99 0001414
5 108.92 0001415
2 177.71 0001416
3 113.79 0001417
4 127.62 0001418
3 181.52 0001419
2 145.57 0001420